12 0 24
14 0 24
17 0 24
19 0 24
22 0 24
25 1 24
27 1 24
30 1 24
33 1 24
35 2 24
38 2 24
41 3 24
43 3 24
46 3 24
48 4 24
51 4 24
54 5 24
56 5 24
59 6 24
62 6 24
64 7 24
67 7 24
70 8 24
72 9 24
75 9 24
77 10 24
80 10 24
83 11 24
85 12 24
88 12 24
91 13 24
93 14 24
96 15 24
99 15 24
101 16 24
104 17 24
106 18 24
109 19 24
112 19 24
114 20 24
117 21 24
120 22 24
122 23 24
125 24 24
128 25 24
130 26 24
133 26 24
135 27 24
138 28 28
141 29 28
143 30 28
146 31 28
149 32 28
151 33 28
154 34 28
157 35 28
159 37 28
161 38 28
162 39 28
163 40 28
165 41 28
166 42 28
167 43 28
168 44 28
170 45 28
171 47 28
172 48 28
173 49 32
174 50 32
176 51 32
177 52 32
178 54 32
179 55 32
180 56 32
181 57 32
182 59 32
183 60 32
185 61 32
186 62 32
187 64 32
188 65 32
189 66 32
190 68 32
191 69 36
192 70 36
193 71 36
194 73 36
195 74 36
196 75 36
197 77 36
197 78 36
198 80 36
199 81 36
200 82 36
201 84 36
202 85 40
203 86 40
204 88 40
204 89 40
205 91 40
206 92 40
207 93 40
207 95 40
208 96 40
209 98 40
210 99 40
210 100 44
211 102 44
212 103 44
213 105 44
213 106 44
214 107 44
215 109 44
215 110 44
216 112 44
216 113 44
217 115 44
218 116 48
218 117 48
219 119 48
219 120 48
220 122 48
220 123 48
221 125 48
221 126 48
222 128 48
222 129 52
223 130 52
223 132 52
224 133 52
224 135 52
225 136 52
225 138 52
225 139 52
226 140 56
226 142 56
226 143 56
227 145 56
227 146 56
227 148 56
228 149 56
228 150 56
228 152 56
229 153 60
229 155 60
229 156 60
229 157 60
230 159 60
230 160 60
230 161 60
230 163 64
230 164 64
231 166 64
231 167 64
231 168 64
231 170 64
231 171 64
231 172 64
231 174 68
231 175 68
231 176 68
231 178 68
231 179 68
231 180 68
231 181 68
234 183 72
234 184 72
234 185 72
234 187 72
234 188 72
234 189 72
234 190 76
234 192 76
234 193 76
234 194 76
234 195 76
234 196 76
234 198 76
234 199 80
234 200 80
234 201 80
234 202 80
234 203 80
234 204 80
234 206 84
234 207 84
234 208 84
234 209 84
234 210 84
234 211 84
234 212 88
234 213 88
235 214 88
235 215 88
235 216 88
235 217 88
235 218 92
235 219 92
235 220 92
235 221 92
235 222 92
235 223 96
235 224 96
235 225 96
235 225 96
235 226 96
235 227 96
235 228 100
235 229 100
235 230 100
235 230 100
235 231 100
235 232 104
235 233 104
235 233 104
235 234 104
235 235 104
235 235 104
235 236 108
235 237 108
235 237 108
235 238 108
235 239 108
235 239 112
235 240 112
235 240 112
235 241 112
235 241 112
235 242 116
235 242 116
235 243 116
235 243 116
235 244 116
235 244 120
235 244 120
235 245 120
235 245 120
235 245 124
235 246 124
235 246 124
235 246 124
235 247 124
235 247 128
235 247 128
235 247 128
235 247 128
235 247 128
235 248 132
235 248 132
235 248 132
235 248 132
235 248 136
235 248 136
235 248 136
235 248 136
236 248 136
